10
10
19
33
41
36
33
31
30
27
27
25
25
23
23
27
28
39
104
104
104
106
108
95
76
64
56
48
43
39
36
32
30
29
29
35
109
107
106
102
93
76
63
57
53
55
78
125
127
123
122
123
121
117
115
117
100
81
68
57
50
50
50
119
121
122
119
117
119
121
121
119
117
118
117
121
125
122
95
79
69
62
56
47
43
39
35
32
30
28
26
25
28
35
121
117
117
117
120
119
119
121
119
119
117
119
116
119
117
117
115
115
117
99
79
66
60
51
45
40
37
34
31
29
27
25
24
22
21
20
19
18
17
17
16
15
15
14
14
14
13
13
12
12
12
12
12
12
11
11
11
11
11
11
11
11
11
11
11
11
11
11
11
13
18
43
119
121
117
117
117
117
119
117
119
117
119
119
119
119
