80
64
54
49
43
56
65
75
28
27
27
4
3
3
3
3
3
3
39
56
56
56
56
56
56
56
56
56
56
56
56
56
56
48
45
38
42
46
57
72
42
43
42
45
45
72
66
16
15
14
14
14
14
36
39
44
25
25
25
25
25
23
55
57
57
57
57
55
51
59
49
55
55
56
57
46
54
54
60
56
58
59
47
45
52
53
45
51
48
48
48
54
65
64
63
54
58
57
57
58
61
60
55
59
71
75
77
76
67
62
58
59
57
58
59
59
59
59
59
59
59
57
57
57
57
56
58
54
54
54
54
54
55
59
62
61
60
60
69
64
65
65
65
58
62
62
61
65
60
57
59
67
62
67
68
68
62
54
22
18
19
19
19
20
69
66
63
59
57
58
59
59
58
58
58
