10
10
10
10
10
10
10
10
10
10
10
10
10
10
10
9
9
9
9
9
9
9
9
9
9
9
9
53
724
732
677
721
744
725
722
786
692
707
780
783
760
290
196
118
85
66
66
54
46
40
35
33
31
29
26
25
23
22
21
20
19
18
18
16
16
16
15
15
14
13
13
13
13
13
13
14
14
14
13
13
13
13
12
12
12
12
12
12
12
12
11
11
11
10
10
10
10
10
10
9
9
9
9
9
10
10
10
10
10
10
10
10
10
10
10
11
11
11
11
11
11
10
10
10
10
10
9
9
9
9
9
9
9
9
9
8
8
8
9
8
8
10
20
19
18
18
17
17
18
17
18
18
18
17
16
16
17
17
16
17
17
17
16
18
781
761
786
629
765
769
775
764
775
791
796
804
788
789
788
785
