58
59
60
60
60
61
61
61
60
61
61
61
61
61
61
61
61
61
61
67
80
97
117
117
119
68
67
46
46
43
43
60
48
27
28
25
28
79
117
76
76
73
70
107
107
48
48
48
117
118
116
24
24
17
17
37
115
75
75
75
75
25
24
23
23
22
21
22
58
58
58
58
58
58
58
58
58
62
74
93
117
118
117
115
116
116
117
115
113
113
112
115
111
113
113
14
14
14
13
13
15
28
28
28
28
27
26
59
58
58
58
65
69
72
72
72
66
62
60
58
58
58
58
58
61
69
83
103
107
111
108
105
100
102
95
59
57
58
56
85
81
80
74
79
83
95
105
113
111
109
109
111
112
106
97
93
92
90
94
96
20
20
20
19
19
18
59
58
58
66
78
91
106
106
101
95
28
27
26
25
