333
333
329
342
368
340
342
340
335
342
342
339
336
341
341
341
337
342
341
338
340
342
336
342
337
333
332
321
349
330
330
327
329
347
348
350
350
341
346
347
345
358
396
393
402
409
409
408
413
414
422
490
530
533
541
557
578
598
604
601
600
599
602
596
603
600
601
602
596
594
658
597
597
595
598
609
560
596
597
601
594
596
599
600
599
600
601
570
537
505
450
436
409
581
410
410
410
409
409
397
410
412
409
410
409
409
407
402
409
403
407
404
397
382
386
374
356
352
354
347
367
340
344
334
338
331
333
340
337
332
328
327
335
343
346
340
345
342
389
355
358
370
381
399
400
399
406
408
410
408
400
405
407
412
409
409
426
408
410
413
408
408
406
408
405
398
392
393
389
374
367
368
367
365
361
359
364
365
360
347
