277
276
277
282
285
286
287
286
286
289
293
297
301
303
301
303
307
310
308
309
312
314
314
316
317
321
321
323
323
326
326
324
326
323
325
325
325
324
324
324
325
325
326
324
324
327
326
327
327
327
326
327
326
327
327
328
328
329
329
327
328
328
328
329
329
329
330
328
328
327
327
328
327
327
324
319
321
319
318
319
324
323
321
320
319
317
315
313
308
305
304
302
299
298
294
293
294
292
291
289
281
276
273
273
271
275
277
281
284
286
292
292
293
293
298
301
302
304
307
308
309
311
311
312
311
311
311
311
312
313
313
315
315
313
313
314
315
315
315
314
316
313
310
311
311
310
312
310
310
311
312
309
308
308
308
307
307
309
309
307
308
306
306
304
302
302
301
307
309
313
317
308
308
310
307
309
310
309
310
310
