68
73
78
81
84
81
80
79
75
76
79
77
78
80
78
81
81
83
88
85
84
81
79
78
79
76
78
81
78
80
80
78
77
76
77
77
79
82
81
78
78
76
74
74
77
77
78
80
80
79
78
79
76
78
79
77
79
80
79
77
76
77
76
77
77
79
78
78
79
78
79
79
81
79
81
81
81
80
82
84
83
82
80
76
74
74
76
77
77
76
78
76
76
77
78
78
78
78
79
78
78
77
79
79
80
83
81
81
79
81
82
85
84
84
82
80
79
79
81
83
81
82
81
80
78
79
77
75
74
73
73
73
73
73
73
74
75
76
80
83
85
86
85
84
84
80
78
79
77
79
81
84
86
85
86
84
84
86
85
85
84
81
81
83
83
84
83
80
80
79
80
81
83
82
83
81
79
79
80
81
