104
87
83
85
86
106
111
110
113
113
91
91
92
98
98
99
113
111
111
113
111
113
97
69
61
50
42
36
35
34
31
33
35
38
46
63
91
84
66
49
44
38
35
37
37
35
33
38
35
35
35
35
34
31
35
35
35
34
34
33
31
35
47
47
47
44
38
33
35
35
35
35
35
33
34
36
39
43
47
53
56
56
66
79
101
111
107
103
103
103
108
110
92
69
55
47
46
45
48
48
49
43
37
34
36
43
60
93
89
67
57
53
50
47
46
51
56
56
56
56
56
56
56
56
56
56
56
64
78
100
114
110
108
109
113
113
112
111
111
111
111
111
114
112
109
109
87
66
53
44
35
39
39
39
39
34
33
31
31
31
31
33
33
36
42
39
38
44
44
40
39
39
38
33
32
31
30
34
37
37
