137
168
158
129
130
149
157
149
150
150
150
149
149
150
150
150
151
150
150
151
150
145
120
125
166
150
149
146
125
110
130
107
88
92
103
147
150
151
162
152
174
160
156
181
171
124
104
117
114
114
114
113
116
128
139
141
141
141
142
142
141
141
141
141
141
141
141
141
141
139
142
144
140
135
130
131
133
133
122
128
124
126
116
127
161
122
103
94
121
119
139
144
147
148
146
151
141
152
151
152
139
174
160
145
138
122
106
116
120
153
136
104
105
147
114
136
138
139
123
114
109
90
109
129
145
121
99
79
66
59
56
56
57
58
59
58
57
55
54
53
53
54
55
57
58
57
57
54
51
50
50
52
58
58
58
56
54
52
52
52
52
51
50
48
47
47
50
54
60
64
66
67
67
67
67
67
67
67
67
67
