54
48
43
41
43
43
46
46
47
48
52
51
50
50
49
49
51
51
53
56
55
53
51
49
48
47
48
48
49
52
54
54
54
53
52
50
51
51
48
46
46
46
47
47
49
49
54
54
54
55
56
56
57
57
52
52
52
50
50
51
50
53
54
53
54
53
53
55
56
56
54
51
50
49
48
48
48
48
50
51
50
51
51
50
48
45
44
43
44
44
44
45
51
54
53
52
53
53
54
55
56
57
56
53
50
46
46
44
44
45
45
46
51
53
55
56
56
54
52
50
49
47
46
45
44
46
48
49
50
51
52
51
52
51
49
51
50
49
50
48
48
49
49
49
50
50
49
47
46
44
44
44
44
44
43
42
44
47
47
48
46
44
42
42
44
45
45
45
46
47
50
51
52
52
54
58
59
55
53
50
